wavenumber_cm1,transmittance_pct
400,95.84
405,95.69
410,96.19
415,95.75
420,95.84
425,96.09
430,96.21
435,95.86
440,95.58
445,95.91
450,95.97
455,95.98
460,96.13
465,95.94
470,95.89
475,95.95
480,95.93
485,95.99
490,95.41
495,94.51
500,93.25
505,89.93
510,84.76
515,77.89
520,68.89
525,60.06
530,53.45
535,50.76
540,53.16
545,59.94
550,67.87
555,75.11
560,80.38
565,81.84
570,80.14
575,75.86
580,69.67
585,63.65
590,59.90
595,57.88
600,59.90
605,64.03
610,70.38
615,76.79
620,83.11
625,88.05
630,91.41
635,93.70
640,94.60
645,95.16
650,95.56
655,95.86
660,96.11
665,95.52
670,96.17
675,96.08
680,96.36
685,95.32
690,96.55
695,95.35
700,96.04
705,95.82
710,95.71
715,96.04
720,96.27
725,95.54
730,96.47
735,96.26
740,96.39
745,96.20
750,95.59
755,95.72
760,96.17
765,95.77
770,96.26
775,96.22
780,95.75
785,95.98
790,96.13
795,95.97
800,96.23
805,95.74
810,96.57
815,95.92
820,95.61
825,95.53
830,96.35
835,96.33
840,96.33
845,96.49
850,96.17
855,96.36
860,95.78
865,96.17
870,96.01
875,96.24
880,96.37
885,95.98
890,95.88
895,95.87
900,96.34
905,95.57
910,96.06
915,95.58
920,95.96
925,95.93
930,95.50
935,95.70
940,96.15
945,95.85
950,95.76
955,96.01
960,96.23
965,96.20
970,96.28
975,95.92
980,95.70
985,95.89
990,94.90
995,95.32
1000,94.81
1005,94.50
1010,93.29
1015,92.16
1020,91.02
1025,89.75
1030,87.89
1035,86.78
1040,85.26
1045,83.83
1050,83.48
1055,83.22
1060,83.08
1065,84.25
1070,85.15
1075,86.21
1080,87.81
1085,89.31
1090,90.90
1095,92.43
1100,93.69
1105,93.62
1110,95.05
1115,95.48
1120,95.83
1125,95.53
1130,95.93
1135,95.77
1140,95.99
1145,96.33
1150,95.57
1155,96.18
1160,95.96
1165,95.80
1170,95.83
1175,95.43
1180,96.23
1185,96.09
1190,96.06
1195,95.98
1200,95.70
1205,96.12
1210,96.36
1215,96.13
1220,96.08
1225,95.91
1230,95.82
1235,96.18
1240,95.44
1245,95.35
1250,95.84
1255,96.24
1260,96.43
1265,95.97
1270,96.08
1275,95.91
1280,96.15
1285,95.90
1290,96.12
1295,96.06
1300,95.91
1305,96.01
1310,95.78
1315,96.25
1320,95.54
1325,96.18
1330,95.62
1335,96.20
1340,96.02
1345,95.95
1350,95.65
1355,95.98
1360,96.16
1365,96.10
1370,96.01
1375,96.13
1380,95.93
1385,96.12
1390,95.91
1395,96.22
1400,95.84
1405,96.07
1410,95.87
1415,96.16
1420,95.98
1425,95.79
1430,95.42
1435,96.20
1440,95.67
1445,96.28
1450,95.72
1455,96.15
1460,96.20
1465,96.02
1470,96.03
1475,95.91
1480,95.83
1485,95.99
1490,96.21
1495,95.83
1500,96.31
1505,96.37
1510,95.89
1515,96.09
1520,95.54
1525,95.73
1530,95.94
1535,95.90
1540,96.25
1545,95.88
1550,95.78
1555,95.62
1560,94.93
1565,94.87
1570,94.41
1575,93.78
1580,93.28
1585,91.71
1590,90.82
1595,89.64
1600,87.76
1605,86.10
1610,84.32
1615,83.15
1620,81.15
1625,80.70
1630,79.87
1635,79.84
1640,79.72
1645,80.49
1650,81.70
1655,82.71
1660,84.57
1665,85.98
1670,88.01
1675,89.41
1680,90.36
1685,91.99
1690,93.04
1695,93.91
1700,94.39
1705,94.94
1710,95.01
1715,95.66
1720,95.88
1725,96.07
1730,95.93
1735,95.92
1740,95.77
1745,95.98
1750,95.90
1755,96.04
1760,95.82
1765,95.71
1770,96.52
1775,96.11
1780,96.04
1785,95.65
1790,96.10
1795,96.20
1800,96.26
1805,95.90
1810,96.30
1815,95.89
1820,96.16
1825,95.99
1830,96.07
1835,95.85
1840,95.57
1845,96.44
1850,95.99
1855,96.07
1860,95.99
1865,96.08
1870,95.80
1875,95.94
1880,96.28
1885,96.29
1890,95.73
1895,96.17
1900,95.79
1905,96.31
1910,95.83
1915,96.64
1920,95.81
1925,96.54
1930,97.03
1935,96.09
1940,95.85
1945,95.91
1950,96.04
1955,96.35
1960,96.23
1965,96.30
1970,95.42
1975,95.92
1980,95.91
1985,95.47
1990,96.11
1995,96.23
2000,95.98
2005,95.92
2010,95.85
2015,96.44
2020,95.66
2025,95.60
2030,95.55
2035,96.20
2040,95.98
2045,95.93
2050,96.22
2055,95.72
2060,95.97
2065,96.45
2070,95.96
2075,95.84
2080,95.96
2085,96.24
2090,96.04
2095,96.07
2100,95.64
2105,96.13
2110,96.26
2115,96.33
2120,95.98
2125,96.00
2130,95.67
2135,95.82
2140,96.15
2145,96.33
2150,95.87
2155,96.02
2160,95.64
2165,95.89
2170,96.21
2175,96.10
2180,96.65
2185,95.98
2190,95.61
2195,95.96
2200,96.02
2205,95.79
2210,95.98
2215,95.97
2220,96.10
2225,95.87
2230,95.97
2235,96.01
2240,95.82
2245,96.17
2250,95.75
2255,96.23
2260,96.10
2265,96.16
2270,96.31
2275,95.65
2280,95.77
2285,96.05
2290,96.22
2295,95.65
2300,96.08
2305,96.40
2310,96.22
2315,96.24
2320,95.91
2325,95.97
2330,95.75
2335,95.74
2340,95.89
2345,96.14
2350,96.21
2355,95.93
2360,95.92
2365,95.97
2370,96.08
2375,96.26
2380,96.22
2385,96.00
2390,95.46
2395,96.34
2400,96.25
2405,95.92
2410,96.02
2415,95.96
2420,96.08
2425,95.61
2430,96.11
2435,95.72
2440,96.26
2445,95.35
2450,96.10
2455,95.74
2460,96.04
2465,95.88
2470,95.84
2475,95.74
2480,95.98
2485,95.86
2490,95.96
2495,95.57
2500,96.03
2505,96.08
2510,95.95
2515,96.02
2520,96.20
2525,96.04
2530,96.52
2535,96.04
2540,95.96
2545,95.83
2550,96.27
2555,96.22
2560,96.07
2565,96.24
2570,96.23
2575,96.10
2580,96.02
2585,96.12
2590,95.77
2595,96.50
2600,95.98
2605,95.41
2610,95.51
2615,96.03
2620,96.08
2625,96.34
2630,95.75
2635,95.86
2640,95.70
2645,96.18
2650,96.32
2655,95.65
2660,95.82
2665,95.69
2670,95.62
2675,96.18
2680,95.65
2685,96.03
2690,96.01
2695,96.05
2700,95.87
2705,96.34
2710,95.61
2715,96.56
2720,96.06
2725,95.84
2730,95.45
2735,95.69
2740,96.20
2745,96.02
2750,96.07
2755,96.00
2760,96.16
2765,96.01
2770,96.31
2775,96.25
2780,96.18
2785,95.90
2790,95.69
2795,95.90
2800,96.33
2805,96.03
2810,96.20
2815,95.71
2820,96.19
2825,95.87
2830,95.81
2835,96.34
2840,95.63
2845,95.75
2850,95.89
2855,95.90
2860,96.29
2865,95.88
2870,96.47
2875,96.45
2880,95.45
2885,95.29
2890,94.48
2895,93.58
2900,92.34
2905,91.27
2910,89.69
2915,89.10
2920,88.29
2925,87.53
2930,87.87
2935,88.96
2940,89.49
2945,91.14
2950,92.65
2955,93.85
2960,94.52
2965,94.78
2970,95.60
2975,95.92
2980,95.75
2985,95.91
2990,95.88
2995,95.74
3000,95.93
3005,95.74
3010,96.45
3015,95.86
3020,96.02
3025,96.34
3030,95.48
3035,96.22
3040,95.79
3045,95.97
3050,96.06
3055,95.96
3060,95.94
3065,96.42
3070,95.70
3075,95.35
3080,96.27
3085,95.41
3090,95.97
3095,95.82
3100,95.59
3105,95.84
3110,95.67
3115,95.69
3120,95.58
3125,95.06
3130,95.49
3135,94.84
3140,94.51
3145,94.74
3150,94.55
3155,94.71
3160,94.49
3165,94.14
3170,94.22
3175,93.50
3180,93.64
3185,92.95
3190,92.79
3195,92.56
3200,91.99
3205,91.74
3210,90.87
3215,90.53
3220,90.11
3225,89.68
3230,89.24
3235,89.11
3240,88.28
3245,87.17
3250,87.07
3255,86.35
3260,85.80
3265,85.21
3270,84.36
3275,83.89
3280,83.55
3285,82.47
3290,81.80
3295,81.40
3300,81.02
3305,80.11
3310,79.47
3315,78.39
3320,77.88
3325,77.63
3330,77.54
3335,76.46
3340,76.38
3345,76.19
3350,75.48
3355,75.76
3360,74.97
3365,75.36
3370,75.35
3375,75.26
3380,75.71
3385,75.74
3390,75.75
3395,76.22
3400,76.37
3405,76.89
3410,76.96
3415,77.73
3420,78.19
3425,78.71
3430,79.30
3435,79.90
3440,80.93
3445,80.79
3450,81.95
3455,82.69
3460,82.87
3465,83.66
3470,84.00
3475,85.47
3480,85.67
3485,86.52
3490,86.61
3495,87.03
3500,88.28
3505,88.85
3510,89.44
3515,89.72
3520,90.09
3525,91.27
3530,91.17
3535,92.13
3540,91.92
3545,92.53
3550,92.72
3555,93.18
3560,93.71
3565,94.14
3570,94.06
3575,94.05
3580,94.24
3585,94.19
3590,95.13
3595,94.93
3600,94.97
3605,94.96
3610,95.04
3615,95.12
3620,95.41
3625,95.44
3630,95.75
3635,95.66
3640,95.71
3645,95.77
3650,95.82
3655,95.41
3660,95.64
3665,95.88
3670,96.26
3675,95.98
3680,95.83
3685,95.87
3690,95.58
3695,96.29
3700,95.99
3705,95.99
3710,96.02
3715,95.70
3720,96.39
3725,96.01
3730,95.77
3735,96.31
3740,95.92
3745,95.56
3750,96.15
3755,96.51
3760,95.52
3765,95.76
3770,95.73
3775,95.89
3780,96.13
3785,96.24
3790,95.89
3795,96.06
3800,95.87
3805,96.39
3810,95.77
3815,95.90
3820,95.99
3825,96.20
3830,95.60
3835,95.99
3840,95.95
3845,96.03
3850,95.83
3855,95.99
3860,96.32
3865,96.18
3870,95.89
3875,95.94
3880,95.99
3885,95.65
3890,95.99
3895,96.19
3900,96.28
3905,96.19
3910,96.01
3915,95.60
3920,96.26
3925,96.22
3930,96.27
3935,96.30
3940,95.54
3945,95.99
3950,96.13
3955,95.52
3960,96.35
3965,95.66
3970,95.53
3975,95.60
3980,96.24
3985,96.00
3990,95.89
3995,95.81
4000,96.15
