wavenumber_cm1,transmittance_pct
400,95.85
405,96.43
410,95.96
415,95.83
420,95.68
425,96.18
430,95.69
435,95.90
440,95.96
445,96.24
450,96.15
455,96.23
460,95.80
465,96.07
470,95.56
475,96.00
480,95.82
485,96.02
490,95.98
495,94.75
500,93.15
505,90.39
510,85.14
515,77.63
520,68.90
525,60.36
530,53.02
535,51.23
540,53.38
545,59.37
550,67.93
555,76.08
560,80.40
565,82.15
570,80.65
575,76.00
580,69.90
585,64.00
590,59.36
595,57.92
600,59.11
605,64.63
610,70.27
615,76.56
620,83.13
625,88.30
630,91.86
635,93.52
640,95.04
645,95.86
650,96.00
655,95.84
660,95.40
665,96.39
670,95.89
675,96.14
680,95.69
685,96.04
690,96.03
695,96.30
700,95.75
705,95.90
710,95.78
715,96.09
720,96.45
725,96.42
730,95.72
735,96.18
740,96.06
745,96.40
750,96.05
755,96.01
760,96.07
765,96.05
770,96.22
775,96.09
780,96.14
785,96.16
790,95.90
795,95.95
800,95.77
805,95.82
810,95.93
815,96.23
820,96.25
825,96.31
830,95.98
835,95.92
840,95.96
845,96.00
850,95.79
855,96.13
860,95.91
865,95.98
870,95.89
875,96.05
880,96.07
885,96.34
890,95.74
895,95.66
900,95.83
905,95.95
910,95.95
915,95.96
920,95.66
925,95.85
930,96.19
935,95.80
940,95.85
945,95.76
950,95.98
955,96.00
960,96.05
965,95.59
970,96.52
975,95.69
980,95.55
985,95.81
990,95.33
995,95.22
1000,94.50
1005,93.63
1010,92.50
1015,91.63
1020,89.62
1025,88.14
1030,85.93
1035,84.55
1040,82.75
1045,80.98
1050,80.34
1055,80.68
1060,80.38
1065,81.22
1070,82.99
1075,84.35
1080,86.24
1085,88.17
1090,89.69
1095,91.19
1100,92.43
1105,93.72
1110,94.30
1115,94.58
1120,95.25
1125,95.74
1130,96.34
1135,95.91
1140,95.95
1145,95.78
1150,95.75
1155,95.82
1160,96.00
1165,96.41
1170,95.99
1175,95.85
1180,96.32
1185,95.87
1190,96.47
1195,96.47
1200,95.83
1205,96.12
1210,96.72
1215,96.35
1220,95.77
1225,95.60
1230,96.24
1235,95.74
1240,95.88
1245,96.42
1250,95.71
1255,95.57
1260,95.82
1265,95.84
1270,95.80
1275,96.51
1280,95.86
1285,96.05
1290,95.90
1295,96.21
1300,95.45
1305,96.29
1310,95.69
1315,95.65
1320,96.00
1325,95.81
1330,95.96
1335,95.71
1340,96.50
1345,95.87
1350,95.86
1355,96.07
1360,96.09
1365,96.13
1370,95.62
1375,96.24
1380,95.97
1385,95.91
1390,95.90
1395,96.04
1400,95.64
1405,96.00
1410,96.25
1415,95.85
1420,95.88
1425,95.52
1430,95.68
1435,96.39
1440,95.80
1445,95.62
1450,95.74
1455,96.14
1460,96.36
1465,95.90
1470,95.81
1475,95.76
1480,95.79
1485,96.18
1490,95.82
1495,96.20
1500,95.80
1505,96.16
1510,95.94
1515,96.19
1520,95.87
1525,96.37
1530,96.21
1535,95.95
1540,95.86
1545,95.65
1550,95.75
1555,95.22
1560,95.27
1565,94.42
1570,94.33
1575,93.54
1580,92.32
1585,91.18
1590,89.81
1595,87.62
1600,85.99
1605,83.50
1610,82.16
1615,79.80
1620,78.05
1625,76.78
1630,76.17
1635,75.78
1640,75.60
1645,76.75
1650,78.29
1655,79.69
1660,81.66
1665,83.99
1670,86.19
1675,87.77
1680,89.53
1685,90.59
1690,92.34
1695,93.51
1700,94.59
1705,94.95
1710,94.81
1715,95.11
1720,95.54
1725,95.78
1730,96.18
1735,95.66
1740,95.66
1745,96.19
1750,95.85
1755,95.62
1760,95.93
1765,95.90
1770,95.79
1775,95.80
1780,96.27
1785,95.99
1790,96.33
1795,95.89
1800,95.74
1805,96.21
1810,95.86
1815,96.11
1820,95.55
1825,95.95
1830,96.06
1835,95.83
1840,96.31
1845,95.92
1850,95.97
1855,96.18
1860,95.96
1865,96.05
1870,95.83
1875,96.36
1880,95.86
1885,95.69
1890,96.31
1895,95.96
1900,95.71
1905,96.00
1910,96.30
1915,95.92
1920,96.20
1925,95.62
1930,96.25
1935,95.86
1940,95.98
1945,95.84
1950,95.82
1955,96.23
1960,96.31
1965,96.33
1970,96.77
1975,96.05
1980,95.80
1985,96.09
1990,96.07
1995,95.61
2000,95.84
2005,95.78
2010,96.10
2015,96.32
2020,96.34
2025,95.91
2030,96.54
2035,95.66
2040,96.19
2045,95.72
2050,95.77
2055,96.38
2060,95.96
2065,96.07
2070,95.86
2075,95.87
2080,95.86
2085,96.09
2090,95.72
2095,95.80
2100,96.51
2105,96.30
2110,96.00
2115,96.42
2120,96.21
2125,95.88
2130,96.35
2135,96.09
2140,96.05
2145,96.25
2150,96.35
2155,96.43
2160,96.10
2165,95.76
2170,96.11
2175,96.04
2180,96.40
2185,95.79
2190,96.24
2195,95.91
2200,95.90
2205,95.85
2210,96.07
2215,95.89
2220,95.99
2225,95.82
2230,95.82
2235,95.93
2240,96.14
2245,96.02
2250,95.78
2255,95.86
2260,96.27
2265,95.82
2270,96.24
2275,95.80
2280,95.46
2285,96.13
2290,96.01
2295,96.10
2300,95.88
2305,95.61
2310,95.67
2315,96.31
2320,95.87
2325,95.91
2330,96.32
2335,96.07
2340,95.94
2345,95.78
2350,96.15
2355,95.84
2360,96.10
2365,96.27
2370,96.06
2375,95.89
2380,95.89
2385,96.17
2390,95.78
2395,96.24
2400,95.75
2405,96.06
2410,95.33
2415,95.73
2420,95.89
2425,95.97
2430,96.38
2435,95.99
2440,95.92
2445,96.05
2450,95.73
2455,96.04
2460,96.38
2465,95.69
2470,96.11
2475,96.02
2480,95.97
2485,95.92
2490,96.25
2495,96.07
2500,96.31
2505,95.81
2510,96.07
2515,96.55
2520,96.09
2525,95.85
2530,95.66
2535,96.06
2540,96.00
2545,95.91
2550,96.12
2555,95.47
2560,96.59
2565,96.11
2570,95.47
2575,96.17
2580,96.00
2585,95.93
2590,96.17
2595,96.40
2600,95.99
2605,95.85
2610,96.14
2615,95.93
2620,95.88
2625,95.98
2630,96.05
2635,96.57
2640,95.79
2645,95.94
2650,95.63
2655,96.00
2660,95.60
2665,95.85
2670,95.99
2675,95.58
2680,95.90
2685,96.17
2690,95.65
2695,96.06
2700,95.75
2705,95.58
2710,96.23
2715,95.74
2720,96.17
2725,96.11
2730,95.72
2735,96.05
2740,96.13
2745,96.04
2750,95.90
2755,96.22
2760,96.45
2765,95.94
2770,96.13
2775,95.91
2780,95.74
2785,95.97
2790,95.91
2795,96.09
2800,96.30
2805,95.92
2810,95.91
2815,96.05
2820,95.95
2825,96.22
2830,96.09
2835,96.24
2840,96.13
2845,96.35
2850,96.01
2855,96.31
2860,95.91
2865,95.89
2870,95.61
2875,95.98
2880,94.93
2885,94.79
2890,94.04
2895,92.88
2900,91.75
2905,90.35
2910,88.85
2915,87.33
2920,86.43
2925,86.25
2930,85.44
2935,87.56
2940,88.60
2945,89.93
2950,91.93
2955,93.33
2960,94.22
2965,95.31
2970,95.53
2975,95.99
2980,95.96
2985,95.92
2990,96.43
2995,95.99
3000,96.40
3005,96.04
3010,96.26
3015,95.72
3020,95.39
3025,96.07
3030,96.02
3035,95.93
3040,95.80
3045,96.20
3050,96.05
3055,96.13
3060,95.95
3065,96.13
3070,95.99
3075,95.39
3080,95.80
3085,95.46
3090,95.68
3095,95.86
3100,95.87
3105,95.82
3110,95.25
3115,95.45
3120,95.07
3125,95.32
3130,95.26
3135,94.73
3140,94.72
3145,94.79
3150,94.18
3155,94.12
3160,94.04
3165,93.50
3170,93.42
3175,93.13
3180,92.75
3185,92.32
3190,92.21
3195,91.39
3200,91.22
3205,90.74
3210,90.49
3215,89.44
3220,88.79
3225,88.58
3230,88.33
3235,87.20
3240,86.28
3245,86.20
3250,84.97
3255,84.06
3260,83.26
3265,82.10
3270,81.89
3275,80.77
3280,79.91
3285,79.04
3290,78.78
3295,77.47
3300,77.10
3305,76.25
3310,75.55
3315,74.71
3320,73.70
3325,73.19
3330,73.21
3335,72.49
3340,71.61
3345,71.93
3350,71.00
3355,71.24
3360,70.93
3365,70.65
3370,70.59
3375,70.22
3380,70.92
3385,71.01
3390,71.33
3395,71.57
3400,71.86
3405,72.77
3410,72.60
3415,73.61
3420,73.41
3425,74.29
3430,75.55
3435,76.16
3440,77.07
3445,77.43
3450,78.09
3455,79.02
3460,80.09
3465,80.91
3470,81.97
3475,82.52
3480,83.34
3485,84.17
3490,85.02
3495,85.89
3500,86.40
3505,87.47
3510,87.81
3515,88.86
3520,88.97
3525,89.73
3530,90.42
3535,91.11
3540,91.43
3545,91.59
3550,92.21
3555,92.36
3560,93.05
3565,92.75
3570,93.67
3575,94.00
3580,94.23
3585,93.63
3590,94.36
3595,94.31
3600,94.89
3605,94.79
3610,94.94
3615,95.07
3620,95.35
3625,95.30
3630,95.18
3635,95.46
3640,95.07
3645,95.95
3650,95.88
3655,95.61
3660,96.30
3665,95.90
3670,96.42
3675,95.60
3680,96.11
3685,95.81
3690,96.03
3695,96.40
3700,96.32
3705,96.43
3710,96.14
3715,96.26
3720,96.28
3725,96.10
3730,96.24
3735,96.19
3740,95.98
3745,95.89
3750,95.92
3755,96.11
3760,96.07
3765,95.89
3770,95.82
3775,96.46
3780,95.92
3785,95.90
3790,96.01
3795,96.44
3800,95.73
3805,96.25
3810,95.99
3815,96.16
3820,95.95
3825,95.68
3830,95.99
3835,96.28
3840,95.93
3845,96.25
3850,96.25
3855,96.13
3860,95.86
3865,95.83
3870,96.20
3875,96.27
3880,96.06
3885,96.06
3890,96.09
3895,95.99
3900,96.05
3905,95.91
3910,96.16
3915,96.54
3920,95.69
3925,95.81
3930,96.05
3935,96.24
3940,95.86
3945,96.17
3950,95.83
3955,96.01
3960,96.09
3965,95.97
3970,96.16
3975,95.98
3980,96.05
3985,96.22
3990,95.53
3995,95.45
4000,95.85
